%YAML:1.0
---
image_width: 640
image_height: 480
flags: 0
camera_matrix: !!opencv-matrix
   rows: 3
   cols: 3
   dt: d
   data: [ 219.057, 0., 174.742,
           0., 219.028, 102.874,
           0., 0., 1. ]
distortion_coefficients: !!opencv-matrix
   rows: 1
   cols: 4
   dt: d
   data: [ -0.374173, 0.205428, 0.00282356, 0.00270998 ]
avg_reprojection_error: 8.8955312081649862e-02
